A=[1 2 3; 4 5 6; 7 8 9]

B=[1 0 -1]

A-B
A.*B
